0 0.099408 0.634000 0.146746 0.232000
0 0.204142 0.527000 0.100592 0.182000
0 0.246746 0.392000 0.098225 0.152000
0 0.211243 0.333000 0.069822 0.110000
0 0.244970 0.266000 0.059172 0.084000
1 0.373373 0.418000 0.057988 0.116000
1 0.343195 0.391000 0.047337 0.102000
0 0.467456 0.394000 0.097041 0.180000
0 0.527219 0.682000 0.169231 0.268000
0 0.469822 0.869000 0.146746 0.262000
1 0.478698 0.550000 0.110059 0.148000
0 0.650888 0.550000 0.111243 0.200000
0 0.606509 0.448000 0.079290 0.136000
0 0.664497 0.396000 0.069822 0.128000
0 0.795858 0.447000 0.102959 0.174000
1 0.897633 0.581000 0.088757 0.206000
0 0.957988 0.657000 0.084024 0.310000
0 0.853254 0.274000 0.066272 0.120000
0 0.781657 0.216000 0.050888 0.080000
0 0.704142 0.225000 0.044970 0.098000
1 0.815976 0.276000 0.031953 0.072000
0 0.612426 0.336000 0.084024 0.112000
0 0.568047 0.360000 0.061538 0.116000
0 0.531361 0.286000 0.047337 0.092000
0 0.491124 0.239000 0.056805 0.078000
0 0.398817 0.279000 0.049704 0.094000
0 0.356805 0.255000 0.048521 0.062000
0 0.346154 0.206000 0.048521 0.072000
0 0.279882 0.227000 0.034320 0.078000
0 0.249704 0.223000 0.044970 0.058000
1 0.610651 0.237000 0.044970 0.078000
0 0.541420 0.210000 0.043787 0.064000
0 0.457988 0.205000 0.033136 0.058000
0 0.630769 0.177000 0.030769 0.054000
