0 0.421939 0.490484 0.082653 0.164360
0 0.384694 0.884948 0.153061 0.230104
0 0.635714 0.671280 0.126531 0.217993
0 0.603571 0.427336 0.050000 0.089965
0 0.460204 0.397924 0.051020 0.089965
0 0.496939 0.345156 0.040816 0.081315
0 0.558163 0.386678 0.057143 0.070934
0 0.681122 0.406574 0.043878 0.079585
0 0.702041 0.329585 0.042857 0.064014
0 0.740816 0.359862 0.042857 0.072664
0 0.789286 0.404844 0.062245 0.096886
0 0.830612 0.504325 0.075510 0.140138
0 0.704592 0.510381 0.082653 0.145329
0 0.973469 0.543253 0.053061 0.128028
0 0.920918 0.348616 0.043878 0.077855
0 0.894388 0.323529 0.039796 0.062284
0 0.835204 0.339100 0.060204 0.093426
0 0.788776 0.304498 0.028571 0.048443
0 0.658163 0.324394 0.026531 0.064014
0 0.623469 0.334775 0.044898 0.050173
0 0.566837 0.291522 0.029592 0.053633
0 0.534184 0.329585 0.029592 0.043253
0 0.738265 0.261246 0.021429 0.031142
