0 0.123889 0.216216 0.090000 0.175676
0 0.212778 0.166667 0.076667 0.175676
0 0.353333 0.185811 0.057778 0.159910
0 0.401111 0.181306 0.044444 0.137387
0 0.525556 0.200450 0.048889 0.108108
0 0.567778 0.212838 0.037778 0.101351
0 0.627778 0.219595 0.040000 0.092342
0 0.693333 0.228604 0.035556 0.078829
0 0.736667 0.218468 0.028889 0.072072
0 0.791111 0.224099 0.020000 0.042793
0 0.763333 0.197072 0.022222 0.047297
0 0.852778 0.218468 0.016667 0.036036
0 0.807222 0.219595 0.012222 0.042793
0 0.013333 0.194820 0.022222 0.119369
