1 0.304667 0.448000 0.038667 0.072000
1 0.516667 0.439000 0.038667 0.066000
0 0.658000 0.414000 0.036000 0.068000
0 0.740000 0.402000 0.029333 0.068000
0 0.834000 0.385000 0.030667 0.050000
1 0.622667 0.420000 0.032000 0.052000
0 0.422667 0.407000 0.045333 0.058000
0 0.352000 0.394000 0.018667 0.040000
0 0.280000 0.389000 0.024000 0.034000
0 0.229333 0.404000 0.021333 0.032000
0 0.197333 0.419000 0.037333 0.050000
0 0.176667 0.399000 0.022667 0.030000
1 0.328000 0.415000 0.021333 0.046000
0 0.496000 0.402000 0.026667 0.036000
