0 0.160156 0.114504 0.120313 0.198473
0 0.065625 0.103053 0.075000 0.124682
0 0.290625 0.137405 0.090625 0.152672
0 0.402344 0.141221 0.035937 0.063613
0 0.481250 0.142494 0.062500 0.111959
0 0.603125 0.148855 0.031250 0.053435
0 0.654687 0.155216 0.043750 0.076336
0 0.704688 0.152672 0.059375 0.096692
0 0.804688 0.136132 0.050000 0.068702
0 0.866406 0.166667 0.035937 0.053435
0 0.963281 0.155216 0.070312 0.122137
0 0.928906 0.176845 0.029687 0.063613
0 0.741406 0.159033 0.023438 0.053435
0 0.424219 0.129771 0.026562 0.040712
