0 0.234375 0.594167 0.058750 0.078333
0 0.271250 0.680833 0.075000 0.091667
0 0.350000 0.645833 0.067500 0.108333
0 0.631875 0.596667 0.063750 0.080000
0 0.716250 0.451667 0.035000 0.036667
0 0.732500 0.404167 0.022500 0.028333
0 0.845000 0.416667 0.027500 0.040000
0 0.530625 0.484167 0.038750 0.045000
0 0.462500 0.458333 0.035000 0.046667
0 0.520000 0.418333 0.025000 0.033333
0 0.506250 0.394167 0.027500 0.021667
0 0.422500 0.422500 0.027500 0.035000
1 0.272500 0.440000 0.035000 0.040000
0 0.296250 0.420000 0.032500 0.036667
0 0.160625 0.480833 0.046250 0.048333
0 0.103750 0.498333 0.042500 0.053333
0 0.133125 0.470000 0.028750 0.040000
1 0.050625 0.450000 0.028750 0.033333
0 0.606875 0.385000 0.013750 0.023333
0 0.595000 0.441667 0.027500 0.043333
0 0.627500 0.410833 0.027500 0.031667
0 0.636875 0.355000 0.016250 0.016667
0 0.691875 0.369167 0.013750 0.028333
0 0.709375 0.375833 0.018750 0.021667
0 0.826875 0.345000 0.016250 0.020000
0 0.876250 0.370000 0.022500 0.020000
0 0.957500 0.365833 0.015000 0.018333
0 0.981875 0.381667 0.018750 0.030000
