1 0.202778 0.387654 0.051852 0.071605
1 0.663889 0.379012 0.079630 0.118519
1 0.883796 0.377160 0.108333 0.139506
1 0.483796 0.350617 0.032407 0.054321
1 0.348148 0.353086 0.025926 0.034568
1 0.311574 0.368519 0.021296 0.033333
1 0.125926 0.338889 0.025926 0.038272
1 0.011574 0.329012 0.019444 0.043210
0 0.191204 0.320370 0.069444 0.085185
0 0.608333 0.361111 0.062963 0.095062
0 0.550926 0.365432 0.033333 0.037037
0 0.243981 0.348148 0.037963 0.044444
1 0.040278 0.343210 0.021296 0.024691
1 0.095833 0.339506 0.023148 0.029630
